droger
term|score|std|term frequency|document frequency
narkotika|0.738013|0.010750|1866|539
alkohol|0.608983|0.028302|2436|873
anabola|0.606421|0.046131|58|21
dopningspreparat|0.594497|0.034449|34|9
steroider|0.593058|0.037039|82|29
narkotikamissbruk|0.585728|0.029129|186|103
preparat|0.579383|0.024218|415|211
heroin|0.576792|0.035169|61|31
missbruket|0.574738|0.027872|364|191
cannabis|0.573672|0.036093|75|32
drogerna|0.570390|0.039295|88|52
narko|0.554572|0.023016|2|2
kriminalitet|0.554045|0.019116|841|470
dopingmedel|0.548453|0.050017|16|6
amfetamin|0.540051|0.034165|29|21
hasch|0.537948|0.040735|21|17
hormonpreparat|0.532976|0.044014|23|20
ecstasy|0.528857|0.047664|34|24
internet|0.519229|0.016382|1745|771
missbruk|0.517774|0.021926|1646|783
skatt
term|score|std|term frequency|document frequency
skatten|0.734763|0.009785|3581|1453
fastighetsskatt|0.716730|0.015734|729|295
moms|0.694451|0.012184|1652|717
inkomstskatt|0.685901|0.019313|661|359
kommunalskatt|0.681330|0.025672|277|152
beskattning|0.674579|0.010980|2153|1094
marginalskatt|0.668708|0.014375|192|96
skattesats|0.663742|0.021396|272|175
förmögenhetsskatt|0.652463|0.030235|452|227
avgift|0.642521|0.013134|1274|788
fordonsskatt|0.633866|0.028596|152|101
ränta|0.627922|0.029154|418|277
bolagsskattesats|0.620342|0.022176|1|1
arbetsgivaravgift|0.619423|0.033983|218|170
energiskatt|0.619293|0.016186|178|117
avkastningsskatt|0.618373|0.030032|76|51
skattebelastning|0.616441|0.033732|85|77
förvärvsinkomst|0.613116|0.019635|69|57
lön|0.609440|0.017076|1689|915
reavinstskatt|0.609252|0.023302|123|77
säkerhet
term|score|std|term frequency|document frequency
suveränitet|0.585730|0.026260|96|76
integritet|0.557070|0.020722|1056|636
stabilitet|0.545379|0.022437|679|420
trygghet|0.540825|0.012573|4020|1960
trovärdighet|0.526952|0.020388|484|364
uthållighet|0.516363|0.022422|115|97
flygsäkerhet|0.514461|0.026230|25|19
livsmedelsförsörjning|0.507817|0.027477|81|69
beredskap|0.507230|0.023476|1092|579
krishantering|0.505357|0.031619|261|103
försvarsförmåga|0.503085|0.027679|243|115
interoperabilitet|0.496622|0.032213|38|24
driftssäkerhet|0.494763|0.029152|6|5
rättssäkerhet|0.490802|0.029577|838|570
krishanteringsförmåga|0.490035|0.033998|78|28
hälsa|0.488564|0.019096|3407|1614
samverkansförmåga|0.486421|0.022020|1|1
välfärd|0.482904|0.020283|1717|908
driftsäkerhet|0.479875|0.039434|9|8
frihet|0.477970|0.012944|3459|1634
trygghet
term|score|std|term frequency|document frequency
frihet|0.661237|0.016058|3459|1634
delaktighet|0.644998|0.019730|626|453
otrygghet|0.631836|0.009525|587|436
tryggheten|0.601219|0.018831|887|560
välfärd|0.594969|0.017090|1717|908
tillit|0.590779|0.040721|223|177
rättstrygghet|0.586786|0.023012|249|148
värdighet|0.581928|0.014184|168|124
gemenskap|0.576819|0.021762|487|381
valfrihet|0.575728|0.012794|2921|1172
grundtrygghet|0.560877|0.032548|77|62
rättsäkerhet|0.554648|0.020836|11|11
stabilitet|0.548722|0.028197|679|420
rättssäkerhet|0.548537|0.020379|838|570
tillvaro|0.546340|0.025076|443|357
livskvalité|0.542977|0.029946|29|27
självkänsla|0.542212|0.024688|131|119
vardagsmiljö|0.541894|0.058000|4|4
säkerhet|0.540825|0.012573|3649|1905
livskvalitet|0.538933|0.015693|494|367
brott
term|score|std|term frequency|document frequency
våldsbrott|0.830545|0.008284|694|363
brotten|0.768120|0.015305|654|400
sexualbrott|0.736783|0.018114|469|185
brottet|0.719610|0.014090|1144|579
övergrepp|0.716895|0.013252|1052|499
våldtäkter|0.677072|0.026896|187|105
misshandelsbrott|0.672010|0.022738|82|57
gärningar|0.665832|0.011496|168|120
rattfylleribrott|0.660071|0.026227|47|31
barnpornografibrott|0.652643|0.034753|104|37
bedrägeribrott|0.643592|0.065737|26|17
gärningsmän|0.628514|0.040623|234|152
trafikbrott|0.627430|0.025118|72|49
brottslingar|0.625426|0.024750|678|310
narkotikabrott|0.621207|0.027822|401|147
våldtäktsbrott|0.618242|0.039751|15|9
trafiknykterhetsbrott|0.612779|0.075060|36|14
våldtäkt|0.612717|0.022721|489|187
brottsmisstankar|0.608328|0.017507|17|17
rån|0.607796|0.026000|467|218
brottslighet
term|score|std|term frequency|document frequency
kriminalitet|0.736160|0.012530|841|470
narkotikabrottslighet|0.676335|0.036924|78|42
gängkriminalitet|0.668499|0.025028|101|62
brottsligheten|0.666704|0.017882|1679|724
våldsbrottslighet|0.659838|0.035553|30|27
terroristbrottslighet|0.636638|0.018961|12|8
underrättelseverksamhet|0.611043|0.024682|46|30
brott|0.598119|0.009164|10454|2676
narkotikasmuggling|0.591465|0.017763|65|43
misskötsamhet|0.587612|0.026136|29|20
grova|0.581560|0.012570|1116|629
kriminalitets|0.579620|0.025422|3|3
narkotikabrottsligheten|0.577134|0.030088|44|31
våldsbrott|0.569380|0.018630|694|363
polisverksamhet|0.568789|0.025089|66|50
straffrihet|0.568744|0.047095|14|13
narkotikahantering|0.564106|0.031345|18|17
brotts|0.562344|0.041577|46|40
terrorism|0.562287|0.034464|804|224
människohandel|0.561647|0.030893|255|94
kriminalitet
term|score|std|term frequency|document frequency
brottslighet|0.736160|0.012530|2841|1092
gängkriminalitet|0.653937|0.023237|101|62
drogmissbruk|0.612494|0.032218|134|102
brottsligheten|0.611695|0.023243|1679|724
våldsbrottslighet|0.601331|0.036889|30|27
missbruk|0.601008|0.025347|1646|783
narkotikamissbruk|0.591216|0.023291|186|103
kriminaliteten|0.579390|0.021900|173|116
misär|0.574403|0.023898|95|76
alkoholmissbruk|0.566547|0.043988|93|57
våldet|0.554811|0.017396|525|277
droger|0.554045|0.019117|723|303
terroristbrottslighet|0.552498|0.024621|12|8
utanförskap|0.542818|0.018488|1514|672
narkotika|0.540091|0.024537|1866|539
intolerans|0.538873|0.022456|25|23
utsatthet|0.535245|0.031672|271|199
narkotikabrottsligheten|0.532899|0.036997|44|31
brottslingar|0.531515|0.028230|678|310
kriminella|0.528535|0.015923|1523|676
jämlikhet
term|score|std|term frequency|document frequency
jämställdhet|0.627390|0.032146|1151|419
sammanhållning|0.517029|0.040578|130|80
egenmakt|0.509676|0.049445|131|95
inkludering|0.495873|0.028787|54|37
likabehandling|0.489537|0.035427|200|149
rättvisa|0.489495|0.039135|811|620
tolerans|0.487751|0.032953|152|133
integration|0.486951|0.035358|1108|559
solidaritet|0.486285|0.032821|196|145
delaktighet|0.480919|0.024750|626|453
humanitet|0.478220|0.026017|44|38
religionsfrihet|0.478117|0.039847|137|73
likvärdighet|0.476694|0.045323|149|103
demokrati|0.473106|0.025557|2430|921
samhällsgemenskap|0.472122|0.031397|13|13
rättighetsperspektivet|0.466134|0.029494|2|1
autonomi|0.462996|0.050935|85|64
enhetlighet|0.461518|0.031104|79|72
hbtqipersoner|0.457642|0.019889|2|2
individualism|0.456628|0.074643|26|21
solidaritet
term|score|std|term frequency|document frequency
försoning|0.528523|0.035413|73|48
gemenskap|0.526192|0.039852|487|381
respekt|0.518190|0.025209|1681|1028
integration|0.501865|0.038469|1108|559
demokrati|0.500715|0.018878|2430|921
sympati|0.495604|0.042565|26|24
religionsfrihet|0.489390|0.017175|137|73
sammanhållning|0.486409|0.036507|130|80
jämlikhet|0.486285|0.032821|184|142
jämställdhet|0.481693|0.018824|1151|419
empati|0.481071|0.040219|39|37
öppenhet|0.479393|0.023154|845|580
samhörighet|0.470495|0.028702|163|139
trygghet|0.467464|0.021497|4020|1960
medmänsklighet|0.466237|0.028959|44|41
värdighet|0.457026|0.043035|168|124
tolerans|0.454614|0.038348|152|133
demokratisering|0.451038|0.028506|105|76
polarisering|0.450622|0.039457|9|9
maktdelning|0.449875|0.040255|142|38
rättvisa
term|score|std|term frequency|document frequency
jämlika|0.560753|0.040622|47|40
jämställdhet|0.532011|0.028182|1151|419
rättvist|0.516480|0.022192|503|435
rättssäkerhet|0.511093|0.035629|838|570
likabehandling|0.508227|0.060380|200|149
likformighet|0.500340|0.025142|72|60
valfrihet|0.490436|0.024725|2921|1172
jämlikhet|0.489495|0.039135|184|142
förutsebara|0.484703|0.029840|61|57
förutsägbarhet|0.481661|0.039154|178|160
rättvis|0.480450|0.026120|560|463
egenmakt|0.477522|0.032281|131|95
flexibilitet|0.477507|0.036348|1066|755
likvärdiga|0.472494|0.028665|956|718
enhetlighet|0.471976|0.029767|79|72
förutsebarhet|0.470807|0.021407|99|80
likformiga|0.464252|0.038101|25|24
drägliga|0.463261|0.032458|21|21
öppenhet|0.453477|0.023625|845|580
förutsebar|0.451349|0.036490|35|33
